OPERATOR_ID=0.0.6180551
OPERATOR_KEY=302e020100300506032b657004220420b02ff436a6a8cc9b4ff1a24c9c683c292dda261a9504b510f398d0eeae1aada4
TOPIC_ID=0.0.6351894
